$ANSIBLE_VAULT;1.1;AES256
62393237366232656534376336663461393565343533386436303665613239313439303437663062
6364386363353930313966326334653538663738316435380a626534343031636434623261366365
61363630336134343430316464613836663739363131373164626163663636323639316565316561
6235643164663861340a663731393936626130383936616538343039353439653635633061383338
36333530656331386661363066306466313737323538393030376139633838623164646162633164
64386163646631326337626564363532616239326339376263386638646464653533646263383331
32383566346130323266663164313839323539306164326236656365646666663061346432643261
63623430333965653562303535326166363230356262636265356565316339306665376335323263
39623630353937656530646333363631393232656535333239346462633162636366313330643634
39383131356535386365623938356338343164663762306330376630623565303533653833653666
62613061333937623530386436303065613235303834343834393262356535616233656664396130
32373865323864363438323136326131613039623930323133336636303135613361633465373838
39623661633331633964623363653033643664653935343863633763356531376637313264313830
62353637623634643439313833313663643362383931346365333737373061393034653365633730
61663062326439316131333434643138396464346138656237376261313137616463316564636164
32663131316335346433386165663337333462323865323762383462653766633963343332633138
35626231663332383432396439636466326639343661373239616335666636306564616334663561
33353263386364663939633464356638626161343733336633303932313661653661643032386366
32393330323865653664373338316430333763386337343136613564343264346331313137313563
34343735616262383563346439633637316561396439386330336566356637646335313037646332
39623239613333376465356337666164616362636563333663663561346333656632363766653734
66646364343839633637656661353161643562333634313332376633636164353436353766663338
61373239326162613134613337336235323132363065323564646431646631313165653730343465
30356235663931373736623330313164353831336133306537666666353264636666383135663232
61656361313265326566326437666161643563613562353862373838613231386633366532633332
64313132613764306366616231326339306166313438373138653536336264653966383534653836
37313337326630373034373037303436316631393937393833376438306562323361356362613935
61373131376432663162623964356361653031356134333735346335623732346438376236363665
37303166396436346561383333393761323138393632663134303134383533373961666432356633
33643965326562653430396335626535303961663961643662663533626564323733386538336238
65313963616235323431326634626535336162373262326663623633366331363862323132323961
61343862393133306537643439656462356362373137373231663665313238343865636633636264
65386631336334323431366338303938353564646233303266303836643132323339643436396636
64646438363334633639373239653839333130356431383964373337616533626635373162343934
65313136316331336530636137343335373732316461366433343837363034633466643332383062
32353130333834316265353030313032656364613337653361313365613630316563626664313162
31303837343535653963626233653336643764373666623237396433633038333339366535643937
6235373339363061353764303566326430646534326439396466
