$ANSIBLE_VAULT;1.1;AES256
66623537376430333235316132326335323563666137356162383737396262323063393839363733
6533613366313565643262663630336164323263393264300a376131336532613636326465353563
30323366313136316666646366336532316265316433333661303435393461376131633964653266
3833343239646630340a316430646231313930313862396136666539353363363238326264393236
39616632336434636664373633353964343665353165393464306433383633393166643964656638
35623939643136656632386639613237353638366631653135343537653936613733313438316436
61653636393262636461656635613134663838383566373536313163633366373932336165346637
66636363343161656633313530353738346462393034623336366262353538353666346239643330
63383932626465623863653166373266616531663065333939306539613339653031396431383930
31303366333330666639326632333134626230313730343036316330623635333438333462313565
37306532366561666132663466636365623464383565613966353961663338336535663735623362
35626465363237303066323363313830373033323439326332643434396432373730366635396238
61366432383265393936326565613066313363306231376161393265653937386139353666373339
61373761323535366634616363316666393162646333373566636234663066326639663933306564
35306634323436393164316532303135316130666362373335666462613862386163303764396164
66643533383234323934386635653337366237616232383063376236393734626134366333383734
64306338613433666362323139316634333064363631613735376233376262626137326362313163
37363437646133346434386233623339363562616464396534373731663263376439636534313638
61653933653931356562326234336636336366636334633165653932343639366561356631303963
36623364326135636465376533326336373164626162303366353961393939313234313663623433
38373733366437363134343835346332623363383162626233373537323564666262393730383737
30363138346134303664653135356539383831636236313062353635363265353938663533613939
33616331386234346432386632626662336234623761333334653432363662643562363563636331
37386134666332376639
